1 B190864CS 8.75 11.5 7 8.5 8.25 44
2 B190394CS 5.25 10.5 1.5 8.5 16.75 42.5
3 B190395CS 4.25 6.75 3.5 5.5 0 20
4 B190773CS 5.55 15 4 3 17.75 45.3
5 B190955CS 6.75 9.5 3.5 0 14.25 34
6 B190056CS 7.75 11 5.25 6.5 17.75 48.25
7 B180481CS 2.85 12.75 0 0 6.25 21.85
8 B180443CS 0.65 12.75 4 0 0 17.4
9 B180429CS 7.75 18 5 0 0 30.75
10 B180405CS 0 14.5 6 0 5 25.5
11 B180477CS 8.25 15 6 0 0 29.25
12 B180327CS 0 18 6 0 0 24
13 B180441CS 9.55 8.75 6 0 15.25 39.55
14 B180404CS 8.55 12.25 6 0 0 26.8
15 B180385CS 8 16 5 0 6.75 35.75
16 B180418CS 2 9 5 0 8.5 24.5
17 B180614CS 8.8 17 4.5 10 19 59.3
18 B180977CS 4 6.75 2 0 0 12.75
19 B180492CS 7 16 3.75 0 0 26.75
20 B180382CS 7.75 18 6 0 0 31.75
21 B180317CS 7.75 18 6 0 16.5 48.25
22 B180901CS 9 20 10 13 19 71
23 B180362CS 8.25 16.5 6 0 0 30.75
24 B180812CS 8.5 15 5 6 9.5 44
25 B180222CS 0 17 0 0 0 17
26 B180258CS 7.5 14 6 0 0 27.5
27 B180476CS 1.5 11.5 0 0 4 17
28 B180373CS 7.75 17 0 0 0 24.75
29 B180948CS 7 18.75 7 11 20 63.75
30 B180953CS 5.75 8.25 2 5.5 9.5 31
31 B180434CS 2.75 17 40 10 33.75
32 B180991CS 5.25 18 6 0 0 29.25
33 B180359CS 9.05 13.25 7 0 15.5 44.8
34 B180483CS 3.5 5 5.5 0 0 14
35 B180430CS 8 18 6 0 3.25 35.25
36 B180264CS 2.5 5.5 0 4 5 17
37 B181091CS 7.55 17 6 7 16 53.55
38 B180580CS 6.75 16 6 0 0 28.75
39 B170319CS 3.55 8 4 0 0 15.55
40 B170480CS 5.25 6.75 0.5 0 0 12.5
41 B170399CS 2.7 9.25 0 0 0 11.95
42 B170789CS 5.25 9 0 1.5 0 15.75
43 M190389CA 7.75 10 0 6 20 43.75
44 M190399CA 4.05 7.25 1 7 20 39.3
45 M190387CA 9.75 14.25 7 5 20 56
46 M180280CA 3.9 7.25 2 0 0 13.15
